526643772, 5.937642574310302734, 133.000000000000000000
3914067312, 0.001252028276212513, 135.000000000000000000
642072371, 4.405793190002441406, 149.000000000000000000
2313897173, 0.004151564557105303, 152.000000000000000000
409247228, 3.913554906845092773, 152.000000000000000000
3243335914, 0.006945273838937283, 153.000000000000000000
1598996035, 3.418955564498901367, 154.000000000000000000
3745643836, 0.011590165086090565, 157.000000000000000000
1702177755, 2.926246881484985352, 158.000000000000000000
4277404245, 0.019076246768236160, 159.000000000000000000
384798179, 2.453702688217163086, 160.000000000000000000
1018646999, 0.029932606965303421, 162.000000000000000000
3803072751, 1.984042763710021973, 163.000000000000000000
926063799, 0.059759162366390228, 163.000000000000000000
4167539008, 1.544605255126953125, 164.000000000000000000
654556452, 0.108258560299873352, 169.000000000000000000
2683371495, 1.130630612373352051, 169.000000000000000000
3428688240, 0.192320778965950012, 170.000000000000000000
195736125, 0.478791445493698120, 171.000000000000000000
4034307946, 0.528811931610107422, 174.000000000000000000
2789446769, 0.132933616638183594, 175.000000000000000000
2563311017, 1.183465719223022461, 176.000000000000000000
1058102652, 0.015338638797402382, 177.000000000000000000
4204741359, 2.103867053985595703, 180.000000000000000000
4083855663, 0.001309740473516285, 180.000000000000000000
2698627452, 3.098414659500122070, 181.000000000000000000
670836641, 0.000061100596212782, 182.000000000000000000
2159162561, 4.098171710968017578, 184.000000000000000000
2815637747, 0.000003373646904947, 186.000000000000000000
2948381284, 5.098143577575683594, 187.000000000000000000
749536688, -0.000000726952748664, 187.000000000000000000
2414411479, 6.098121643066406250, 190.000000000000000000
2151113010, 0.000000000000000000, 191.000000000000000000
2764696577, 7.098098754882812500, 192.000000000000000000
1263868922, 0.000000000000000000, 193.000000000000000000
722578813, 7.598083496093750000, 196.000000000000000000
127994948, 0.000000000000000000, 196.000000000000000000
3975043906, 8.098075866699218750, 197.000000000000000000
274685773, 0.000000000000000000, 198.000000000000000000
3709781504, 9.098052978515625000, 201.000000000000000000
1667549718, 0.000000000000000000, 202.000000000000000000
1655899725, 9.598037719726562500, 202.000000000000000000
2377131965, 0.000000000000000000, 203.000000000000000000
3022600893, 10.098030090332031250, 206.000000000000000000
2342856202, 0.000000000000000000, 207.000000000000000000
2098491738, 10.598014831542968750, 208.000000000000000000
1777280851, 0.000000000000000000, 209.000000000000000000
816080840, 11.098007202148437500, 209.000000000000000000
3849281291, 0.000000000000000000, 211.000000000000000000
50066968, 11.597991943359375000, 212.000000000000000000
346309659, 0.000000000000000000, 212.000000000000000000
3326639996, 12.097984313964843750, 216.000000000000000000
2980287793, 0.000000000000000000, 217.000000000000000000
3217872444, 12.597969055175781250, 217.000000000000000000
2415923006, 0.000000000000000000, 218.000000000000000000
1886476356, 13.097961425781250000, 219.000000000000000000
348179657, 0.000000000000000000, 219.000000000000000000
1172262982, 13.597946166992187500, 222.000000000000000000
2423396663, 0.000000000000000000, 222.000000000000000000
3521362182, 14.097938537597656250, 229.000000000000000000
608476033, 0.000000000000000000, 229.000000000000000000
3784452199, 14.597923278808593750, 230.000000000000000000
826218628, 0.000000000000000000, 231.000000000000000000
3520571, 15.097915649414062500, 239.000000000000000000
3696677356, 0.000000000000000000, 239.000000000000000000
1777129257, 15.597900390625000000, 240.000000000000000000
1567809344, 0.000000000000000000, 240.000000000000000000
3174470934, 16.097892761230468750, 248.000000000000000000
632748471, 0.000000000000000000, 249.000000000000000000
3825310105, 16.597877502441406250, 249.000000000000000000
2180483665, 0.000000000000000000, 250.000000000000000000
2340557165, 17.097869873046875000, 269.000000000000000000
1451074147, 0.000000000000000000, 269.000000000000000000
2852780490, 17.597854614257812500, 269.000000000000000000
1521334502, 0.000000000000000000, 271.000000000000000000
120512208, 18.097846984863281250, 277.000000000000000000
2621098564, 0.000000000000000000, 278.000000000000000000
2022419371, 18.597831726074218750, 278.000000000000000000
209410563, 0.000000000000000000, 280.000000000000000000
1000849815, 19.097824096679687500, 284.000000000000000000
1855183506, 0.000000000000000000, 284.000000000000000000
1546649419, 19.597808837890625000, 286.000000000000000000
1651824822, 0.000000000000000000, 288.000000000000000000
1011297213, 20.097801208496093750, 292.000000000000000000
3702176077, 0.000000000000000000, 292.000000000000000000
4011332032, 20.597785949707031250, 294.000000000000000000
1856140798, 0.000000000000000000, 295.000000000000000000
2621994070, 21.097778320312500000, 300.000000000000000000
3873638830, 0.000000000000000000, 300.000000000000000000
3578786305, 21.597763061523437500, 302.000000000000000000
2558262508, 0.000000000000000000, 303.000000000000000000
2006073805, 22.097755432128906250, 309.000000000000000000
1246441035, 0.000000000000000000, 309.000000000000000000
697663386, 22.597740173339843750, 311.000000000000000000
239645393, 0.000000000000000000, 312.000000000000000000
1717854841, 23.097732543945312500, 317.000000000000000000
1742326608, 0.000000000000000000, 317.000000000000000000
3855613665, 24.097709655761718750, 318.000000000000000000
2195756688, 0.000000000000000000, 319.000000000000000000
4199687401, 25.097686767578125000, 323.000000000000000000
3064468062, 0.000000000000000000, 325.000000000000000000
2735278607, 26.097663879394531250, 327.000000000000000000
3891392092, 0.000000000000000000, 328.000000000000000000
2440939471, 27.097640991210937500, 334.000000000000000000
80743848, 0.000000000000000000, 334.000000000000000000
2191925502, 29.097595214843750000, 335.000000000000000000
3748917748, 35.900917053222656250, 336.000000000000000000
3126008544, 0.000000000000000000, 342.000000000000000000
4000102157, 33.400974273681640625, 342.000000000000000000
895833062, 0.000000000000000000, 343.000000000000000000
1604289584, 30.901031494140625000, 344.000000000000000000
242582905, 0.000000000000000000, 350.000000000000000000
4254805249, 28.401088714599609375, 350.000000000000000000
3453133211, 0.000000000000000000, 351.000000000000000000
2516680592, 25.901145935058593750, 351.000000000000000000
4127654306, 0.000000000000000000, 355.000000000000000000
2802262726, 20.901260375976562500, 355.000000000000000000
424534878, 0.000000000000000000, 357.000000000000000000
4280813869, 15.901374816894531250, 358.000000000000000000
3799542222, 0.000000000000000000, 360.000000000000000000
3769431730, 14.901397705078125000, 360.000000000000000000
294508913, 0.000000000000000000, 361.000000000000000000
1332534725, 13.901420593261718750, 361.000000000000000000
4294199276, 0.000000000000000000, 364.000000000000000000
4249900508, 12.901443481445312500, 365.000000000000000000
4092801065, 0.000000000000000000, 368.000000000000000000
2346533695, 11.901466369628906250, 368.000000000000000000
1540093407, 0.000000000000000000, 370.000000000000000000
1268958414, 10.901489257812500000, 370.000000000000000000
70575518, 0.000000000000000000, 371.000000000000000000
2631974570, 10.401504516601562500, 371.000000000000000000
2828959872, 0.000000000000000000, 374.000000000000000000
2224349029, 9.901511192321777344, 377.000000000000000000
4029584460, 0.000000000000000000, 378.000000000000000000
389060702, 9.401525497436523438, 379.000000000000000000
991355920, 0.000000000000000000, 380.000000000000000000
2039972340, 8.901535034179687500, 381.000000000000000000
478900715, 0.000000000000000000, 382.000000000000000000
2711624919, 8.401550292968750000, 383.000000000000000000
3035115605, 0.000000000000000000, 384.000000000000000000
2388947797, 7.901557445526123047, 385.000000000000000000
3204056118, -0.000000470969553135, 388.000000000000000000
233928796, 7.401576042175292969, 389.000000000000000000
3542621066, -0.000001323504420725, 390.000000000000000000
617518811, 6.901584148406982422, 392.000000000000000000
2328448381, -0.000000823768914415, 392.000000000000000000
527206215, 6.401596069335937500, 393.000000000000000000
3094821779, -0.000002563317593740, 396.000000000000000000
3591694083, 5.901614665985107422, 398.000000000000000000
1609375081, 0.000003750451469386, 398.000000000000000000
1588998509, 5.401655197143554688, 399.000000000000000000
1620117128, 0.000022819864170742, 400.000000000000000000
585169157, 4.901800632476806641, 402.000000000000000000
972410225, 0.000108804597402923, 403.000000000000000000
2494643559, 4.402158260345458984, 405.000000000000000000
261953450, 0.000395431037759408, 406.000000000000000000
1626481611, 3.903203725814819336, 407.000000000000000000
3408363227, 0.001139736152254045, 408.000000000000000000
1500465005, 3.406171798706054688, 409.000000000000000000
3778017256, 0.003421920817345381, 410.000000000000000000
3432546348, 2.913937330245971680, 413.000000000000000000
262585675, 0.009834293276071548, 414.000000000000000000
2097124579, 2.430953025817871094, 415.000000000000000000
2978152299, 0.022975118830800056, 417.000000000000000000
3306336832, 1.962210893630981445, 418.000000000000000000
3857282568, 0.053824909031391144, 419.000000000000000000
2646982076, 1.524056553840637207, 420.000000000000000000
3842048669, 0.113329306244850159, 422.000000000000000000
2056662520, 1.126529335975646973, 423.000000000000000000
2980146849, 0.213291347026824951, 425.000000000000000000
3403016192, 0.514955043792724609, 426.000000000000000000
420951546, 0.592449605464935303, 429.000000000000000000
2035351270, 0.169913843274116516, 430.000000000000000000
96346953, 1.257724404335021973, 431.000000000000000000
1973064851, 0.085549682378768921, 431.000000000000000000
3735925439, 1.675906896591186523, 433.000000000000000000
2380944227, 0.038960106670856476, 433.000000000000000000
2995768399, 2.132762908935546875, 436.000000000000000000
3552241290, 0.005704903043806553, 438.000000000000000000
1041665034, 3.102403402328491211, 439.000000000000000000
551321942, 0.000510212907101959, 440.000000000000000000
2205092379, 4.098513603210449219, 441.000000000000000000
2544041377, 0.000031767631298862, 441.000000000000000000
91314406, 5.098152637481689453, 446.000000000000000000
2048008519, 0.000002103010046994, 447.000000000000000000
2611222131, 6.098124504089355469, 447.000000000000000000
4163277587, 0.000001377770331601, 448.000000000000000000
3936687419, 6.598110198974609375, 450.000000000000000000
173873911, -0.000000423079654865, 450.000000000000000000
2196901707, 7.098098754882812500, 451.000000000000000000
4283212522, 0.000000000000000000, 454.000000000000000000
3740762471, 8.098075866699218750, 456.000000000000000000
2319106371, 0.000000000000000000, 456.000000000000000000
2552176816, 8.598060607910156250, 456.000000000000000000
884194622, 0.000000000000000000, 457.000000000000000000
2702354741, 9.098052978515625000, 459.000000000000000000
1955725331, 0.000000000000000000, 460.000000000000000000
349004369, 9.598037719726562500, 461.000000000000000000
2131006057, 0.000000000000000000, 464.000000000000000000
2393983602, 10.098030090332031250, 466.000000000000000000
706082333, 0.000000000000000000, 466.000000000000000000
151663813, 10.598014831542968750, 466.000000000000000000
3911936365, 0.000000000000000000, 466.000000000000000000
2347262475, 11.098007202148437500, 469.000000000000000000
1015484967, 0.000000000000000000, 469.000000000000000000
2283949047, 11.597991943359375000, 469.000000000000000000
1235596055, 0.000000000000000000, 471.000000000000000000
892216137, 12.097984313964843750, 475.000000000000000000
4045007044, 0.000000000000000000, 477.000000000000000000
2452433299, 12.597969055175781250, 478.000000000000000000
68548279, 0.000000000000000000, 478.000000000000000000
3524539081, 13.097961425781250000, 479.000000000000000000
3702935263, 0.000000000000000000, 479.000000000000000000
3374133810, 13.597946166992187500, 481.000000000000000000
3904616591, 0.000000000000000000, 481.000000000000000000
2341584641, 14.097938537597656250, 486.000000000000000000
978894580, 0.000000000000000000, 487.000000000000000000
3324605819, 14.597923278808593750, 487.000000000000000000
2884684839, 0.000000000000000000, 487.000000000000000000
632008601, 15.097915649414062500, 490.000000000000000000
2089556782, 0.000000000000000000, 490.000000000000000000
221326489, 15.597900390625000000, 492.000000000000000000
2387225131, 0.000000000000000000, 494.000000000000000000
4059000842, 16.097892761230468750, 495.000000000000000000
2668863065, 0.000000000000000000, 496.000000000000000000
797765384, 16.597877502441406250, 496.000000000000000000
131287711, 0.000000000000000000, 497.000000000000000000
4140405680, 17.097869873046875000, 502.000000000000000000
4248998656, 0.000000000000000000, 502.000000000000000000
680511646, 17.597854614257812500, 503.000000000000000000
3057511026, 0.000000000000000000, 503.000000000000000000
3825263337, 18.097846984863281250, 505.000000000000000000
727911166, 0.000000000000000000, 506.000000000000000000
3311202160, 18.597831726074218750, 507.000000000000000000
2248414226, 0.000000000000000000, 508.000000000000000000
3230897941, 19.097824096679687500, 512.000000000000000000
748108614, 0.000000000000000000, 515.000000000000000000
2872360112, 19.597808837890625000, 516.000000000000000000
3304755907, 0.000000000000000000, 517.000000000000000000
228036541, 20.097801208496093750, 527.000000000000000000
1390349454, 0.000000000000000000, 527.000000000000000000
2642241467, 20.597785949707031250, 528.000000000000000000
3162916344, 0.000000000000000000, 528.000000000000000000
1618256144, 21.097778320312500000, 538.000000000000000000
3831966404, 0.000000000000000000, 538.000000000000000000
915327293, 21.597763061523437500, 540.000000000000000000
1655101490, 0.000000000000000000, 540.000000000000000000
3920557035, 22.097755432128906250, 543.000000000000000000
3611294208, 0.000000000000000000, 544.000000000000000000
4246640529, 22.597740173339843750, 546.000000000000000000
1139843806, 0.000000000000000000, 546.000000000000000000
3569883798, 23.097732543945312500, 92.000000000000000000
13802795, 0.000000000000000000, 92.000000000000000000
1245025987, 24.097709655761718750, 136.000000000000000000
431626575, 0.000000000000000000, 149.000000000000000000
327831502, 29.097595214843750000, 150.000000000000000000
238077418, 0.000000000000000000, 151.000000000000000000
1007770526, 34.097480773925781250, 156.000000000000000000
456800425, 0.000000000000000000, 156.000000000000000000
1049697335, 39.097366333007812500, 158.000000000000000000
3915345855, 15.901374816894531250, 159.000000000000000000
4128834423, 0.000000000000000000, 162.000000000000000000
2590214750, 10.901489257812500000, 163.000000000000000000
323573764, 0.000000000000000000, 163.000000000000000000
2813214892, 5.901604175567626953, 163.000000000000000000
1505680376, -0.000002110577952408, 167.000000000000000000
100642120, 4.901634693145751953, 168.000000000000000000
1359049733, 0.000002114988546964, 169.000000000000000000
3965363752, 4.401697158813476562, 169.000000000000000000
3711808340, 0.000021825650037499, 172.000000000000000000
3111391209, 3.901816368103027344, 173.000000000000000000
2682988715, 0.000112158573756460, 173.000000000000000000
3535555003, 3.402455329895019531, 175.000000000000000000
3275306996, 0.000554222846403718, 178.000000000000000000
1661623361, 2.904499530792236328, 178.000000000000000000
2480053741, 0.002211741171777248, 179.000000000000000000
1182420987, 2.411453962326049805, 180.000000000000000000
2675944843, 0.006928001530468464, 183.000000000000000000
3325443516, 1.928869843482971191, 183.000000000000000000
3276711214, 0.023380186408758163, 184.000000000000000000
3628215835, 1.050858974456787109, 185.000000000000000000
243378364, 0.141720354557037354, 189.000000000000000000
3344181965, 0.416755229234695435, 189.000000000000000000
4275593962, 0.499398499727249146, 190.000000000000000000
2940057762, 0.226176187396049500, 191.000000000000000000
2079974132, 0.805603802204132080, 195.000000000000000000
3057190229, 0.106717810034751892, 196.000000000000000000
4166747000, 1.195744991302490234, 197.000000000000000000
2068145538, 0.044190343469381332, 198.000000000000000000
2500272580, 1.637030959129333496, 201.000000000000000000
2972030728, 0.015715261921286583, 202.000000000000000000
793426671, 2.111596584320068359, 202.000000000000000000
2003991779, 0.004720335826277733, 203.000000000000000000
3320383140, 2.602033615112304688, 206.000000000000000000
1267854513, 0.001217921846546233, 207.000000000000000000
654916781, 3.099075794219970703, 208.000000000000000000
226194758, 0.000049878402933246, 208.000000000000000000
2882008321, 4.098197937011718750, 210.000000000000000000
3867821692, -0.000001351907485514, 211.000000000000000000
290187752, 5.098144531250000000, 212.000000000000000000
3938324168, -0.000000363476374332, 212.000000000000000000
3643172167, 6.098121643066406250, 216.000000000000000000
3550131566, 0.000000000000000000, 217.000000000000000000
1362470896, 7.098098754882812500, 217.000000000000000000
1326096907, 0.000000000000000000, 218.000000000000000000
1616585439, 7.598083496093750000, 219.000000000000000000
46409072, 0.000000000000000000, 220.000000000000000000
3952600870, 8.098075866699218750, 222.000000000000000000
4264126341, 0.000000000000000000, 223.000000000000000000
3062414960, 8.598060607910156250, 226.000000000000000000
3084836261, 0.000000000000000000, 227.000000000000000000
2512346317, 9.098052978515625000, 227.000000000000000000
1289112617, 0.000000000000000000, 228.000000000000000000
1625928325, 9.598037719726562500, 230.000000000000000000
1693231995, 0.000000000000000000, 231.000000000000000000
2698273431, 10.098030090332031250, 231.000000000000000000
1424224190, 0.000000000000000000, 231.000000000000000000
862646319, 10.598014831542968750, 236.000000000000000000
2120547810, 0.000000000000000000, 237.000000000000000000
1522343975, 11.098007202148437500, 239.000000000000000000
72063049, 0.000000000000000000, 239.000000000000000000
744260783, 11.597991943359375000, 241.000000000000000000
3983505298, 0.000000000000000000, 241.000000000000000000
1078492760, 12.097984313964843750, 241.000000000000000000
1349753880, 0.000000000000000000, 242.000000000000000000
1561782249, 12.597969055175781250, 246.000000000000000000
2866543469, 0.000000000000000000, 246.000000000000000000
365423524, 13.097961425781250000, 249.000000000000000000
1510965894, 0.000000000000000000, 249.000000000000000000
519976116, 13.597946166992187500, 252.000000000000000000
1533788549, 0.000000000000000000, 252.000000000000000000
575704832, 14.097938537597656250, 253.000000000000000000
173271914, 0.000000000000000000, 253.000000000000000000
4122799790, 14.597923278808593750, 256.000000000000000000
2274606471, 0.000000000000000000, 256.000000000000000000
3547041403, 15.097915649414062500, 258.000000000000000000
609660326, 0.000000000000000000, 259.000000000000000000
2979400713, 15.597900390625000000, 265.000000000000000000
1307985370, 0.000000000000000000, 265.000000000000000000
2539523545, 16.097892761230468750, 266.000000000000000000
2829921996, 0.000000000000000000, 266.000000000000000000
2632178208, 16.597877502441406250, 276.000000000000000000
432034508, 0.000000000000000000, 278.000000000000000000
966870108, 17.097869873046875000, 278.000000000000000000
3496193442, 0.000000000000000000, 280.000000000000000000
23779943, 17.597854614257812500, 286.000000000000000000
258438015, 0.000000000000000000, 286.000000000000000000
2268129069, 18.097846984863281250, 288.000000000000000000
2951421329, 0.000000000000000000, 288.000000000000000000
1847201127, 18.597831726074218750, 293.000000000000000000
1107151921, 0.000000000000000000, 294.000000000000000000
385923850, 19.097824096679687500, 296.000000000000000000
649745537, 0.000000000000000000, 296.000000000000000000
3495254292, 19.597808837890625000, 301.000000000000000000
4152757603, 0.000000000000000000, 303.000000000000000000
2023313999, 20.097801208496093750, 304.000000000000000000
2862775770, 0.000000000000000000, 304.000000000000000000
1620725658, 20.597785949707031250, 311.000000000000000000
402946220, 0.000000000000000000, 311.000000000000000000
738182481, 21.097778320312500000, 312.000000000000000000
1920783744, 0.000000000000000000, 312.000000000000000000
2679738478, 22.097755432128906250, 318.000000000000000000
3684292052, 0.000000000000000000, 319.000000000000000000
3629838349, 22.597740173339843750, 321.000000000000000000
3572962966, 0.000000000000000000, 321.000000000000000000
3027891462, 24.097709655761718750, 327.000000000000000000
514587767, 0.000000000000000000, 328.000000000000000000
2119102504, 29.097595214843750000, 328.000000000000000000
1406676025, 0.000000000000000000, 329.000000000000000000
3008354432, 34.097480773925781250, 331.000000000000000000
2188381229, 15.901374816894531250, 334.000000000000000000
2659400177, 0.000000000000000000, 335.000000000000000000
3361779530, 10.901489257812500000, 336.000000000000000000
4224297783, 0.000000000000000000, 336.000000000000000000
480389464, 5.901603221893310547, 337.000000000000000000
4213673770, 0.000000000000000000, 338.000000000000000000
574395181, 4.901627540588378906, 339.000000000000000000
2106184173, 0.000001743992470438, 343.000000000000000000
2839918794, 4.401647567749023438, 344.000000000000000000
2323891059, -0.000000544972863281, 344.000000000000000000
4253712012, 3.901690006256103516, 344.000000000000000000
2368087997, 0.000020799399862881, 346.000000000000000000
3151338102, 3.401882648468017578, 348.000000000000000000
1034654035, 0.000150010426295921, 350.000000000000000000
911136601, 2.902678728103637695, 351.000000000000000000
2422816402, 0.000748704886063933, 352.000000000000000000
3614722728, 2.406372070312500000, 352.000000000000000000
2544413793, 0.003410478588193655, 354.000000000000000000
1362578048, 1.916804671287536621, 355.000000000000000000
17219880, 0.013616807758808136, 359.000000000000000000
2899214894, 1.016554474830627441, 359.000000000000000000
3022764937, 0.107761904597282410, 360.000000000000000000
3713804252, 0.369964957237243652, 360.000000000000000000
1139768198, 0.459049224853515625, 363.000000000000000000
1639400733, 0.184025600552558899, 365.000000000000000000
1792794871, 0.774295270442962646, 365.000000000000000000
3997279032, 0.077190540730953217, 368.000000000000000000
759693358, 1.170447349548339844, 369.000000000000000000
3663939023, 0.028683982789516449, 370.000000000000000000
87787611, 1.623201251029968262, 371.000000000000000000
3667254248, 0.008639458566904068, 371.000000000000000000
2182690771, 2.105103969573974609, 372.000000000000000000
3302497116, 0.002105198800563812, 377.000000000000000000
3554848044, 2.599795818328857422, 378.000000000000000000
2710647377, 0.000429083331255242, 379.000000000000000000
20843340, 3.098473072052001953, 380.000000000000000000
2319836348, 0.000005426838924905, 382.000000000000000000
1135281923, 4.098169803619384766, 382.000000000000000000
86404338, -0.000002127111656591, 383.000000000000000000
2711104536, 5.098143577575683594, 384.000000000000000000
3040942543, 0.000000000000000000, 385.000000000000000000
1810488412, 6.098121643066406250, 388.000000000000000000
2617861179, 0.000000000000000000, 389.000000000000000000
4167325259, 6.598106384277343750, 391.000000000000000000
2512602772, 0.000000000000000000, 392.000000000000000000
3057377834, 7.098098754882812500, 393.000000000000000000
3538869063, 0.000000000000000000, 393.000000000000000000
616273696, 7.598083496093750000, 396.000000000000000000
3547616234, 0.000000000000000000, 398.000000000000000000
2515941968, 8.598060607910156250, 399.000000000000000000
3481852190, 0.000000000000000000, 399.000000000000000000
1988706683, 9.098052978515625000, 401.000000000000000000
2405124697, 0.000000000000000000, 402.000000000000000000
3249185194, 9.598037719726562500, 403.000000000000000000
4254247721, 0.000000000000000000, 405.000000000000000000
4045507204, 10.098030090332031250, 407.000000000000000000
3363305563, 0.000000000000000000, 407.000000000000000000
692551956, 10.598014831542968750, 409.000000000000000000
2586066117, 0.000000000000000000, 409.000000000000000000
3184833885, 11.098007202148437500, 411.000000000000000000
433966952, 0.000000000000000000, 413.000000000000000000
3483300377, 11.597991943359375000, 414.000000000000000000
2132197660, 0.000000000000000000, 415.000000000000000000
3923913629, 12.097984313964843750, 416.000000000000000000
2685364748, 0.000000000000000000, 418.000000000000000000
4256736522, 12.597969055175781250, 419.000000000000000000
2747350971, 0.000000000000000000, 420.000000000000000000
3810938705, 13.097961425781250000, 425.000000000000000000
3044867176, 0.000000000000000000, 426.000000000000000000
2574611632, 13.597946166992187500, 427.000000000000000000
191273155, 0.000000000000000000, 427.000000000000000000
1106404460, 14.097938537597656250, 435.000000000000000000
1005930752, 0.000000000000000000, 436.000000000000000000
3461266022, 14.597923278808593750, 438.000000000000000000
2852899283, 0.000000000000000000, 438.000000000000000000
101211512, 15.097915649414062500, 446.000000000000000000
3902368748, 0.000000000000000000, 446.000000000000000000
398801200, 15.597900390625000000, 447.000000000000000000
3112868535, 0.000000000000000000, 448.000000000000000000
1391263573, 16.097892761230468750, 453.000000000000000000
679321208, 0.000000000000000000, 454.000000000000000000
1847970552, 16.597877502441406250, 454.000000000000000000
1940587561, 0.000000000000000000, 455.000000000000000000
2380218567, 17.097869873046875000, 460.000000000000000000
3839971723, 0.000000000000000000, 460.000000000000000000
3377266776, 17.597854614257812500, 463.000000000000000000
4195397041, 0.000000000000000000, 464.000000000000000000
1994162625, 18.097846984863281250, 468.000000000000000000
2914920112, 0.000000000000000000, 468.000000000000000000
992646095, 18.597831726074218750, 468.000000000000000000
2214754649, 0.000000000000000000, 469.000000000000000000
1656551030, 19.097824096679687500, 477.000000000000000000
235386983, 0.000000000000000000, 477.000000000000000000
1591061890, 19.597808837890625000, 478.000000000000000000
2394799022, 0.000000000000000000, 478.000000000000000000
952452735, 20.097801208496093750, 485.000000000000000000
3634685319, 0.000000000000000000, 485.000000000000000000
452292572, 20.597785949707031250, 486.000000000000000000
2005930743, 0.000000000000000000, 487.000000000000000000
3495070984, 21.097778320312500000, 491.000000000000000000
3655301437, 0.000000000000000000, 492.000000000000000000
495778006, 21.597763061523437500, 494.000000000000000000
3026748057, 0.000000000000000000, 494.000000000000000000
2452608747, 22.097755432128906250, 499.000000000000000000
418869609, 0.000000000000000000, 499.000000000000000000
2474251688, 22.597740173339843750, 502.000000000000000000
3625654906, 0.000000000000000000, 502.000000000000000000
3912319038, 24.097709655761718750, 507.000000000000000000
3658185900, 0.000000000000000000, 508.000000000000000000
860293769, 29.097595214843750000, 510.000000000000000000
2315488618, 0.000000000000000000, 510.000000000000000000
3243340556, 34.097480773925781250, 514.000000000000000000
46180891, 15.901374816894531250, 516.000000000000000000
2747848208, 0.000000000000000000, 517.000000000000000000
3874621490, 10.901489257812500000, 517.000000000000000000
3593658911, 0.000000000000000000, 518.000000000000000000
3571907845, 5.901603698730468750, 519.000000000000000000
116664964, 0.000000000000000000, 520.000000000000000000
1349193951, 4.901629447937011719, 521.000000000000000000
3471889466, 0.000002478874648659, 523.000000000000000000
505874371, 4.401644706726074219, 523.000000000000000000
1327475350, -0.000000857728537085, 524.000000000000000000
1519039091, 3.901663780212402344, 527.000000000000000000
2538623229, 0.000006988936547714, 530.000000000000000000
1693716462, 3.401763677597045898, 531.000000000000000000
522280354, 0.000059994355979143, 531.000000000000000000
1145794314, 2.902177810668945312, 532.000000000000000000
936933797, 0.000395789538742974, 534.000000000000000000
3286305753, 2.404455184936523438, 534.000000000000000000
2808557369, 0.002070400398224592, 534.000000000000000000
2827630918, 1.912380456924438477, 535.000000000000000000
2617711464, 0.008811687119305134, 92.000000000000000000
3595580218, 0.997912347316741943, 93.000000000000000000
190895919, 0.091424584388732910, 134.000000000000000000
853675197, 0.345540553331375122, 136.000000000000000000
1067277061, 0.433833539485931396, 150.000000000000000000
3082738881, 0.163555637001991272, 150.000000000000000000
2474046860, 0.753342151641845703, 154.000000000000000000
3109242672, 0.065709814429283142, 154.000000000000000000
1098884881, 1.157285332679748535, 154.000000000000000000
2594386313, 0.021737923845648766, 156.000000000000000000
2412219022, 1.616041779518127441, 160.000000000000000000
3957698939, 0.005536888260394335, 160.000000000000000000
2577286716, 2.102735280990600586, 161.000000000000000000
1411749597, 0.001239888020791113, 162.000000000000000000
689367990, 2.599166870117187500, 164.000000000000000000
2315182113, 0.000208390207262710, 166.000000000000000000
2028509546, 3.098327875137329102, 166.000000000000000000
2054313378, 0.000001897037691379, 167.000000000000000000
4021027748, 4.098172664642333984, 170.000000000000000000
598588366, 0.000004220119535603, 171.000000000000000000
1063115322, 5.098144531250000000, 171.000000000000000000
125512624, 0.000000000000000000, 173.000000000000000000
1676472913, 5.598129272460937500, 176.000000000000000000
1189675568, 0.000000000000000000, 176.000000000000000000
1367891300, 6.098121643066406250, 177.000000000000000000
2105400197, 0.000000000000000000, 178.000000000000000000
3936108206, 6.598106384277343750, 181.000000000000000000
3073711300, 0.000000000000000000, 182.000000000000000000
1450830464, 7.598083496093750000, 182.000000000000000000
2428066491, 0.000000000000000000, 183.000000000000000000
3319954257, 8.098075866699218750, 186.000000000000000000
1705404295, 0.000000000000000000, 187.000000000000000000
366410748, 8.598060607910156250, 188.000000000000000000
2359987044, 0.000000000000000000, 188.000000000000000000
233493612, 9.098052978515625000, 191.000000000000000000
2203765402, 0.000000000000000000, 193.000000000000000000
2921194881, 9.598037719726562500, 193.000000000000000000
4093325981, 0.000000000000000000, 194.000000000000000000
3139892191, 10.098030090332031250, 197.000000000000000000
1215106611, 0.000000000000000000, 198.000000000000000000
4148171607, 10.598014831542968750, 198.000000000000000000
2977570644, 0.000000000000000000, 199.000000000000000000
3240768852, 11.098007202148437500, 204.000000000000000000
2762170052, 0.000000000000000000, 204.000000000000000000
3196627088, 11.597991943359375000, 206.000000000000000000
1438886526, 0.000000000000000000, 207.000000000000000000
895757360, 12.097984313964843750, 214.000000000000000000
2189998168, 0.000000000000000000, 215.000000000000000000
219030181, 12.597969055175781250, 215.000000000000000000
547683573, 0.000000000000000000, 217.000000000000000000
1623084956, 13.097961425781250000, 226.000000000000000000
406638018, 0.000000000000000000, 227.000000000000000000
3935431639, 13.597946166992187500, 227.000000000000000000
2588263865, 0.000000000000000000, 227.000000000000000000
2270856419, 14.097938537597656250, 235.000000000000000000
2596566355, 0.000000000000000000, 236.000000000000000000
3063012256, 14.597923278808593750, 237.000000000000000000
2603965908, 0.000000000000000000, 237.000000000000000000
793816015, 15.097915649414062500, 242.000000000000000000
3859315351, 0.000000000000000000, 243.000000000000000000
2974487, 15.597900390625000000, 243.000000000000000000
3159697480, 0.000000000000000000, 243.000000000000000000
1918728138, 16.097892761230468750, 251.000000000000000000
525775437, 0.000000000000000000, 251.000000000000000000
3929818797, 16.597877502441406250, 252.000000000000000000
88850260, 0.000000000000000000, 252.000000000000000000
1545351857, 17.097869873046875000, 258.000000000000000000
4170885420, 0.000000000000000000, 259.000000000000000000
2862212945, 17.597854614257812500, 259.000000000000000000
991533077, 0.000000000000000000, 259.000000000000000000
2555935295, 18.097846984863281250, 260.000000000000000000
4134440150, 0.000000000000000000, 262.000000000000000000
3190821612, 18.597831726074218750, 265.000000000000000000
250398553, 0.000000000000000000, 266.000000000000000000
2372153712, 19.097824096679687500, 270.000000000000000000
1679450107, 0.000000000000000000, 271.000000000000000000
1056505628, 19.597808837890625000, 271.000000000000000000
491512885, 0.000000000000000000, 273.000000000000000000
2681075091, 20.097801208496093750, 279.000000000000000000
964971862, 0.000000000000000000, 280.000000000000000000
512709869, 20.597785949707031250, 280.000000000000000000
3080914351, 0.000000000000000000, 282.000000000000000000
1099261369, 21.097778320312500000, 287.000000000000000000
795378832, 0.000000000000000000, 288.000000000000000000
2989678999, 21.597763061523437500, 288.000000000000000000
2568398717, 0.000000000000000000, 290.000000000000000000
2146996641, 24.097709655761718750, 295.000000000000000000
1452650503, 0.000000000000000000, 296.000000000000000000
558165342, 29.097595214843750000, 296.000000000000000000
760104385, 0.000000000000000000, 298.000000000000000000
3032765369, 34.097480773925781250, 303.000000000000000000
2723400585, 15.901374816894531250, 304.000000000000000000
2111195040, 0.000000000000000000, 304.000000000000000000
4236750714, 10.901489257812500000, 304.000000000000000000
15403283, 0.000000000000000000, 307.000000000000000000
249331759, 5.901603698730468750, 309.000000000000000000
2137934490, 0.000000000000000000, 311.000000000000000000
4035377371, 3.401705265045166016, 311.000000000000000000
671843769, 0.000026246039851685, 313.000000000000000000
2338816604, 0.984616339206695557, 314.000000000000000000
4286875279, 0.076246932148933411, 315.000000000000000000
2671185941, 0.016125082969665527, 315.000000000000000000
308372965, 1.611948847770690918, 321.000000000000000000
118982848, 0.000000508543962496, 321.000000000000000000
1459723473, 4.098167419433593750, 322.000000000000000000
846299030, 0.000000000000000000, 322.000000000000000000
257419857, 6.598106384277343750, 324.000000000000000000
3969031726, 0.000000000000000000, 325.000000000000000000
165470562, 9.098052978515625000, 327.000000000000000000
3122138814, 0.000000000000000000, 328.000000000000000000
1963757794, 11.597991943359375000, 332.000000000000000000
3503704587, 0.000000000000000000, 334.000000000000000000
420052601, 14.097938537597656250, 335.000000000000000000
3545614480, 0.000000000000000000, 336.000000000000000000
1291134258, 16.597877502441406250, 340.000000000000000000
2652102528, 0.000000000000000000, 342.000000000000000000
1795194270, 19.097824096679687500, 342.000000000000000000
1252473895, 0.000000000000000000, 343.000000000000000000
1233671681, 21.597763061523437500, 348.000000000000000000
3119597417, 0.000000000000000000, 350.000000000000000000
1678365417, 24.097709655761718750, 351.000000000000000000
2970505000, 0.000000000000000000, 351.000000000000000000
3847005017, 29.097595214843750000, 357.000000000000000000
3493248192, 0.000000000000000000, 357.000000000000000000
356227771, 34.097480773925781250, 358.000000000000000000
3203764807, 0.000000000000000000, 359.000000000000000000
9970807, 39.097366333007812500, 368.000000000000000000
418347019, 0.000000000000000000, 368.000000000000000000
4191117321, 44.097251892089843750, 368.000000000000000000
1420379031, 0.000000000000000000, 369.000000000000000000
579975958, 49.097137451171875000, 373.000000000000000000
4141093098, 15.901374816894531250, 377.000000000000000000
1644636139, 0.000000000000000000, 378.000000000000000000
3293864793, 10.901489257812500000, 379.000000000000000000
3060513159, 0.000000000000000000, 381.000000000000000000
661400279, 5.901603698730468750, 382.000000000000000000
3109754062, 0.000000000000000000, 382.000000000000000000
2739630946, 4.901626110076904297, 383.000000000000000000
2254720518, 0.000000000000000000, 385.000000000000000000
1932945696, 4.401638984680175781, 388.000000000000000000
1180545749, -0.000001049433194567, 389.000000000000000000
2902727463, 3.901651382446289062, 389.000000000000000000
2740815717, 0.000000886794623511, 392.000000000000000000
830561595, 3.401685714721679688, 392.000000000000000000
1705636632, 0.000008909293683246, 393.000000000000000000
1693901200, 2.901815891265869141, 393.000000000000000000
3498437897, 0.000087414511654060, 397.000000000000000000
4153560558, 2.402725458145141602, 398.000000000000000000
3638907863, 0.000711371190845966, 399.000000000000000000
2758848910, 1.906948328018188477, 400.000000000000000000
1557575415, 0.004140692763030529, 402.000000000000000000
227924228, 0.974831640720367432, 402.000000000000000000
1325613802, 0.067577540874481201, 403.000000000000000000
267494975, 0.307012259960174561, 405.000000000000000000
807599140, 0.394082039594650269, 408.000000000000000000
2032464184, 0.132178321480751038, 409.000000000000000000
1457352770, 0.722970843315124512, 409.000000000000000000
49081575, 0.045383352786302567, 410.000000000000000000
1680158148, 1.138550400733947754, 414.000000000000000000
2539438696, 0.011980947107076645, 415.000000000000000000
3893062286, 1.608463287353515625, 415.000000000000000000
2866500454, 0.002446836559101939, 416.000000000000000000
1562580620, 2.100169897079467773, 419.000000000000000000
2259394901, 0.000420193449826911, 420.000000000000000000
388662240, 2.598483085632324219, 421.000000000000000000
1426548828, 0.000050635964726098, 421.000000000000000000
851395537, 3.098224401473999023, 424.000000000000000000
2499229636, 0.000002452700300637, 425.000000000000000000
677867750, 4.098164558410644531, 426.000000000000000000
1038444271, 0.000004249921403243, 427.000000000000000000
2418201078, 4.598151683807373047, 429.000000000000000000
1008811227, 0.000000000000000000, 430.000000000000000000
3553510532, 5.098144531250000000, 431.000000000000000000
2800710942, 0.000000000000000000, 431.000000000000000000
3676682396, 5.598129272460937500, 432.000000000000000000
1382637486, 0.000000000000000000, 433.000000000000000000
2762961179, 6.098121643066406250, 435.000000000000000000
2260338785, 0.000000000000000000, 437.000000000000000000
937472110, 6.598106384277343750, 440.000000000000000000
3906529649, 0.000000000000000000, 440.000000000000000000
2717370289, 7.098098754882812500, 441.000000000000000000
3138043782, 0.000000000000000000, 441.000000000000000000
2261327427, 7.598083496093750000, 443.000000000000000000
1471940150, 0.000000000000000000, 446.000000000000000000
2460271094, 8.098075866699218750, 447.000000000000000000
3675652480, 0.000000000000000000, 448.000000000000000000
2714699456, 8.598060607910156250, 450.000000000000000000
3268021412, 0.000000000000000000, 450.000000000000000000
1479706656, 9.098052978515625000, 450.000000000000000000
9112216, 0.000000000000000000, 451.000000000000000000
3199027501, 9.598037719726562500, 457.000000000000000000
4117656391, 0.000000000000000000, 458.000000000000000000
1816032906, 10.098030090332031250, 458.000000000000000000
1837984030, 0.000000000000000000, 458.000000000000000000
1455129995, 10.598014831542968750, 463.000000000000000000
1243358254, 0.000000000000000000, 464.000000000000000000
328872991, 11.098007202148437500, 465.000000000000000000
3685435463, 0.000000000000000000, 465.000000000000000000
2858557659, 11.597991943359375000, 474.000000000000000000
2252939098, 0.000000000000000000, 474.000000000000000000
3319589432, 12.097984313964843750, 475.000000000000000000
1220786775, 0.000000000000000000, 477.000000000000000000
2202682817, 12.597969055175781250, 480.000000000000000000
2227166713, 0.000000000000000000, 481.000000000000000000
3091791014, 13.097961425781250000, 483.000000000000000000
373903276, 0.000000000000000000, 485.000000000000000000
2837784133, 13.597946166992187500, 489.000000000000000000
173336686, 0.000000000000000000, 489.000000000000000000
1905928129, 14.097938537597656250, 491.000000000000000000
4128378133, 0.000000000000000000, 492.000000000000000000
3483335642, 14.597923278808593750, 497.000000000000000000
1048958847, 0.000000000000000000, 498.000000000000000000
3505990961, 15.097915649414062500, 499.000000000000000000
455412730, 0.000000000000000000, 500.000000000000000000
2464366153, 15.597900390625000000, 505.000000000000000000
3807881454, 0.000000000000000000, 505.000000000000000000
1292156727, 16.097892761230468750, 507.000000000000000000
4028432601, 0.000000000000000000, 508.000000000000000000
2268570309, 16.597877502441406250, 513.000000000000000000
4102233335, 0.000000000000000000, 515.000000000000000000
617998583, 17.097869873046875000, 516.000000000000000000
1371524656, 0.000000000000000000, 517.000000000000000000
873196851, 17.597854614257812500, 521.000000000000000000
2978558110, 0.000000000000000000, 522.000000000000000000
1627581032, 18.097846984863281250, 522.000000000000000000
2485659284, 0.000000000000000000, 522.000000000000000000
2224773693, 18.597831726074218750, 529.000000000000000000
1802621739, 0.000000000000000000, 530.000000000000000000
906798597, 19.097824096679687500, 531.000000000000000000
2349146061, 0.000000000000000000, 532.000000000000000000
4289602296, 24.097709655761718750, 535.000000000000000000
1029471271, 0.000000000000000000, 538.000000000000000000
2776410701, 29.097595214843750000, 538.000000000000000000
2385929635, 5.401618957519531250, 540.000000000000000000
801866263, 0.000000000000000000, 542.000000000000000000
183752185, 4.901626586914062500, 542.000000000000000000
895704320, 0.000000000000000000, 542.000000000000000000
3772374621, 4.401644706726074219, 542.000000000000000000
132587399, 0.000003736917733477, 544.000000000000000000
3927355153, 3.901653289794921875, 546.000000000000000000
1906140774, -0.000000486828412249, 547.000000000000000000
3476981514, 3.401675939559936523, 547.000000000000000000
3805492504, 0.000009960893294192, 548.000000000000000000
1447829338, 2.901779651641845703, 548.000000000000000000
1167519075, 0.000069005414843559, 548.000000000000000000
335247863, 2.402443885803222656, 549.000000000000000000
2442309770, 0.000593636475969106, 551.000000000000000000
2671675252, 1.906065821647644043, 551.000000000000000000
95600249, 0.003043170319870114, 552.000000000000000000
1107303767, 1.421420335769653320, 552.000000000000000000
3696280625, 0.016505327075719833, 152.000000000000000000
3866878023, 0.968110978603363037, 153.000000000000000000
1307799702, 0.061749089509248734, 158.000000000000000000
1529793306, 0.580002009868621826, 159.000000000000000000
1878337774, 0.165666729211807251, 160.000000000000000000
2753917719, 0.293982297182083130, 161.000000000000000000
2816942116, 0.386313468217849731, 166.000000000000000000
2586005326, 0.124939695000648499, 166.000000000000000000
2253625996, 0.715331256389617920, 167.000000000000000000
2972618073, 0.041345853358507156, 169.000000000000000000
3154370135, 1.136198639869689941, 173.000000000000000000
2204130060, 0.010386209003627300, 173.000000000000000000
3447372664, 1.606299519538879395, 175.000000000000000000
3775775313, 0.001996729988604784, 176.000000000000000000
938347925, 2.099850177764892578, 179.000000000000000000
339477417, 0.000276960316114128, 180.000000000000000000
1193691799, 2.598420143127441406, 181.000000000000000000
2676400677, 0.000033573542168597, 182.000000000000000000
2433611215, 3.098215341567993164, 186.000000000000000000
352170121, 0.000001702933332126, 187.000000000000000000
3239203083, 3.598177433013916016, 188.000000000000000000
3857648291, 0.000001348485056951, 188.000000000000000000
3515463851, 4.098165988922119141, 193.000000000000000000
1083669581, 0.000004523992629402, 193.000000000000000000
1572585669, 4.598152160644531250, 194.000000000000000000
897425546, 0.000000000000000000, 195.000000000000000000
3307056143, 5.098144531250000000, 199.000000000000000000
2544969488, 0.000000000000000000, 199.000000000000000000
1582078592, 5.598129272460937500, 201.000000000000000000
2173746457, 0.000000000000000000, 202.000000000000000000
3286626347, 6.098121643066406250, 205.000000000000000000
1785154284, 0.000000000000000000, 207.000000000000000000
2517575841, 6.598106384277343750, 208.000000000000000000
2110588598, 0.000000000000000000, 208.000000000000000000
476476845, 7.098098754882812500, 211.000000000000000000
4081734988, 0.000000000000000000, 212.000000000000000000
792244864, 7.598083496093750000, 213.000000000000000000
2134798502, 0.000000000000000000, 215.000000000000000000
3626172350, 8.098075866699218750, 222.000000000000000000
2613575702, 0.000000000000000000, 222.000000000000000000
3646997488, 8.598060607910156250, 223.000000000000000000
3538910588, 55.900459289550781250, 223.000000000000000000
1274501872, 0.000000000000000000, 234.000000000000000000
1194143479, 52.900527954101562500, 236.000000000000000000
1374558136, 0.000000000000000000, 237.000000000000000000
3990818444, 50.900573730468750000, 237.000000000000000000
3536181080, 0.000000000000000000, 245.000000000000000000
1812536654, 47.900642395019531250, 246.000000000000000000
736857014, 0.000000000000000000, 247.000000000000000000
1984232809, 45.900688171386718750, 249.000000000000000000
2815006836, 0.000000000000000000, 255.000000000000000000
252928535, 42.900756835937500000, 256.000000000000000000
1119126164, 0.000000000000000000, 256.000000000000000000
2458417807, 40.900802612304687500, 258.000000000000000000
166741862, 0.000000000000000000, 262.000000000000000000
28904461, 38.900848388671875000, 265.000000000000000000
3665107619, 0.000000000000000000, 266.000000000000000000
1544427860, 35.900917053222656250, 266.000000000000000000
3119979967, 0.000000000000000000, 273.000000000000000000
723301197, 33.900962829589843750, 273.000000000000000000
1491463579, 0.000000000000000000, 273.000000000000000000
1331872458, 30.901031494140625000, 273.000000000000000000
2392565064, 0.000000000000000000, 282.000000000000000000
2227591559, 28.901077270507812500, 282.000000000000000000
1961012139, 0.000000000000000000, 282.000000000000000000
1829730335, 25.901145935058593750, 282.000000000000000000
3637313830, 0.000000000000000000, 290.000000000000000000
2941707470, 23.401203155517578125, 290.000000000000000000
2119890025, 0.000000000000000000, 290.000000000000000000
510011983, 20.901260375976562500, 291.000000000000000000
503174400, 0.000000000000000000, 298.000000000000000000
4111641302, 18.401317596435546875, 298.000000000000000000
1833714361, 0.000000000000000000, 298.000000000000000000
3028847941, 15.901374816894531250, 298.000000000000000000
3697995771, 0.000000000000000000, 306.000000000000000000
1679521248, 13.401432037353515625, 306.000000000000000000
2027249974, 0.000000000000000000, 307.000000000000000000
3770825336, 10.901489257812500000, 309.000000000000000000
3716627306, 0.000000000000000000, 314.000000000000000000
2933548516, 8.401550292968750000, 315.000000000000000000
2726094881, 0.000000000000000000, 315.000000000000000000
1045563662, 5.901603698730468750, 315.000000000000000000
3351818818, 0.000000000000000000, 321.000000000000000000
316988284, 3.401664257049560547, 321.000000000000000000
3819707854, -0.000000950392859522, 322.000000000000000000
2927019971, 0.943399548530578613, 322.000000000000000000
2853592829, 0.037299636751413345, 325.000000000000000000
1311710260, 0.004432822111994028, 327.000000000000000000
3486043320, 1.601418733596801758, 328.000000000000000000
2483698110, 0.000000000000000000, 329.000000000000000000
2179962465, 4.098167419433593750, 330.000000000000000000
2013806782, 0.000000000000000000, 330.000000000000000000
178800597, 6.598106384277343750, 332.000000000000000000
3893479461, 0.000000000000000000, 334.000000000000000000
708925299, 9.098052978515625000, 338.000000000000000000
1877340587, 0.000000000000000000, 338.000000000000000000
3312506695, 11.597991943359375000, 339.000000000000000000
2429079605, 0.000000000000000000, 342.000000000000000000
336924398, 14.097938537597656250, 346.000000000000000000
1945180485, 0.000000000000000000, 346.000000000000000000
1066225503, 16.597877502441406250, 347.000000000000000000
163693157, 0.000000000000000000, 350.000000000000000000
1768435942, 19.097824096679687500, 354.000000000000000000
1791579336, 0.000000000000000000, 355.000000000000000000
1439688031, 21.597763061523437500, 356.000000000000000000
3271993997, 0.000000000000000000, 357.000000000000000000
3872037108, 24.097709655761718750, 363.000000000000000000
2891585317, 0.000000000000000000, 364.000000000000000000
3081736553, 29.097595214843750000, 365.000000000000000000
2553608680, 0.000000000000000000, 365.000000000000000000
2633142084, 34.097480773925781250, 377.000000000000000000
3498128769, 0.000000000000000000, 378.000000000000000000
1890172565, 39.097366333007812500, 379.000000000000000000
2843417073, 0.000000000000000000, 379.000000000000000000
1936485316, 44.097251892089843750, 388.000000000000000000
1363833272, 0.000000000000000000, 389.000000000000000000
2740161682, 49.097137451171875000, 389.000000000000000000
3927394939, 30.901031494140625000, 390.000000000000000000
172702139, 0.000000000000000000, 396.000000000000000000
2002452106, 28.401088714599609375, 397.000000000000000000
390202920, 0.000000000000000000, 398.000000000000000000
2319463113, 25.901145935058593750, 399.000000000000000000
3085510219, 0.000000000000000000, 405.000000000000000000
4039521820, 20.901260375976562500, 405.000000000000000000
267965453, 0.000000000000000000, 405.000000000000000000
1567585273, 15.901374816894531250, 406.000000000000000000
384859670, 0.000000000000000000, 413.000000000000000000
3136052482, 10.901489257812500000, 414.000000000000000000
3849170197, 0.000000000000000000, 415.000000000000000000
1768352069, 5.901603698730468750, 416.000000000000000000
2204303742, 0.000000000000000000, 418.000000000000000000
2443246802, 3.401664018630981445, 420.000000000000000000
2395636178, 0.000002699197466427, 420.000000000000000000
3648614823, 0.937328815460205078, 421.000000000000000000
2298037894, 0.031419601291418076, 423.000000000000000000
2762413394, 0.003117932006716728, 424.000000000000000000
1050420026, 1.600814223289489746, 426.000000000000000000
914362523, 0.000000000000000000, 426.000000000000000000
829764856, 4.098167419433593750, 429.000000000000000000
2342088877, 0.000000000000000000, 430.000000000000000000
489861561, 6.598106384277343750, 430.000000000000000000
2272335986, 0.000000000000000000, 431.000000000000000000
1486446680, 9.098052978515625000, 437.000000000000000000
3066086733, 0.000000000000000000, 438.000000000000000000
3733443659, 11.597991943359375000, 439.000000000000000000
3562716131, 0.000000000000000000, 439.000000000000000000
2477699672, 14.097938537597656250, 443.000000000000000000
521435543, 0.000000000000000000, 446.000000000000000000
1229350247, 16.597877502441406250, 447.000000000000000000
1283728373, 0.000000000000000000, 448.000000000000000000
1405217444, 19.097824096679687500, 454.000000000000000000
3925433998, 0.000000000000000000, 454.000000000000000000
3933647652, 21.597763061523437500, 455.000000000000000000
3020485442, 0.000000000000000000, 456.000000000000000000
2469666691, 24.097709655761718750, 463.000000000000000000
3977001656, 0.000000000000000000, 464.000000000000000000
1672405130, 29.097595214843750000, 464.000000000000000000
3334909186, 0.000000000000000000, 465.000000000000000000
4287145354, 34.097480773925781250, 471.000000000000000000
2853061599, 0.000000000000000000, 472.000000000000000000
2614243322, 39.097366333007812500, 474.000000000000000000
1419828005, 0.000000000000000000, 475.000000000000000000
443680735, 44.097251892089843750, 483.000000000000000000
2154095976, 0.000000000000000000, 485.000000000000000000
1019972131, 49.097137451171875000, 485.000000000000000000
2006425099, 0.000000000000000000, 487.000000000000000000
3677931345, 54.097023010253906250, 494.000000000000000000
3488979738, 30.901031494140625000, 494.000000000000000000
210065663, 0.000000000000000000, 495.000000000000000000
869057769, 28.401088714599609375, 495.000000000000000000
1599147971, 0.000000000000000000, 502.000000000000000000
1127707631, 25.901145935058593750, 502.000000000000000000
595858665, 0.000000000000000000, 503.000000000000000000
3281915267, 20.901260375976562500, 503.000000000000000000
938360176, 0.000000000000000000, 510.000000000000000000
1623356832, 15.901374816894531250, 510.000000000000000000
345140280, 0.000000000000000000, 510.000000000000000000
1289914090, 10.901489257812500000, 510.000000000000000000
721066652, 0.000000000000000000, 515.000000000000000000
4052142860, 5.901603698730468750, 516.000000000000000000
3230176441, 0.000000000000000000, 517.000000000000000000
1807137278, 3.401662588119506836, 518.000000000000000000
862474779, -0.000001216530108650, 519.000000000000000000
2213574182, 0.937288582324981689, 520.000000000000000000
3892796922, 0.029778379946947098, 521.000000000000000000
2401547702, 0.003291100962087512, 522.000000000000000000
848076674, 1.600631833076477051, 524.000000000000000000
979563734, 0.000000000000000000, 527.000000000000000000
2262744201, 4.098167419433593750, 528.000000000000000000
2751632203, 0.000000000000000000, 528.000000000000000000
2660689981, 6.598106384277343750, 532.000000000000000000
3658136685, 0.000000000000000000, 532.000000000000000000
365766577, 9.098052978515625000, 533.000000000000000000
2572211219, 0.000000000000000000, 533.000000000000000000
1957374805, 11.597991943359375000, 540.000000000000000000
1152935897, 0.000000000000000000, 540.000000000000000000
83869287, 14.097938537597656250, 541.000000000000000000
2127754710, 0.000000000000000000, 541.000000000000000000
4283987159, 16.597877502441406250, 546.000000000000000000
3005692432, 0.000000000000000000, 546.000000000000000000
2059694847, 19.097824096679687500, 547.000000000000000000
3203250236, 0.000000000000000000, 547.000000000000000000
2674861058, 21.597763061523437500, 550.000000000000000000
1536425306, 0.000000000000000000, 551.000000000000000000
1449378603, 24.097709655761718750, 552.000000000000000000
5250172, 0.000000000000000000, 552.000000000000000000
3597735621, 29.097595214843750000, 555.000000000000000000
1533937807, 0.000000000000000000, 555.000000000000000000
3353006989, 34.097480773925781250, 555.000000000000000000
393626996, 0.000000000000000000, 555.000000000000000000
3807652875, 39.097366333007812500, 557.000000000000000000
1780483162, 0.000000000000000000, 557.000000000000000000
2482649749, 44.097251892089843750, 558.000000000000000000
765754726, 0.000000000000000000, 558.000000000000000000
3111671296, 49.097137451171875000, 560.000000000000000000
2611822709, 0.000000000000000000, 560.000000000000000000
771433264, 54.097023010253906250, 560.000000000000000000
1561160049, 0.000000000000000000, 560.000000000000000000
2792802689, 59.096900939941406250, 562.000000000000000000
137550790, 40.900802612304687500, 563.000000000000000000
2147115440, 0.000000000000000000, 563.000000000000000000
3662995603, 38.400859832763671875, 563.000000000000000000
880844038, 0.000000000000000000, 565.000000000000000000
1760094951, 35.900917053222656250, 565.000000000000000000
2760711978, 0.000000000000000000, 565.000000000000000000
3488507302, 33.400974273681640625, 566.000000000000000000
10730409, 0.000000000000000000, 568.000000000000000000
1776792303, 30.901031494140625000, 568.000000000000000000
3004555067, 0.000000000000000000, 568.000000000000000000
1729138842, 28.401088714599609375, 568.000000000000000000
2201384234, 0.000000000000000000, 570.000000000000000000
3040668038, 25.901145935058593750, 570.000000000000000000
3629322219, 0.000000000000000000, 570.000000000000000000
2184796845, 23.401203155517578125, 571.000000000000000000
854475033, 0.000000000000000000, 572.000000000000000000
180599657, 20.901260375976562500, 572.000000000000000000
1391464066, 0.000000000000000000, 572.000000000000000000
1810974676, 18.401317596435546875, 572.000000000000000000
2516617327, 0.000000000000000000, 574.000000000000000000
183143976, 15.901374816894531250, 574.000000000000000000
491134179, 0.000000000000000000, 574.000000000000000000
3777014018, 13.401432037353515625, 574.000000000000000000
682361318, 0.000000000000000000, 576.000000000000000000
2918444779, 10.901489257812500000, 576.000000000000000000
3049208164, 0.000000000000000000, 576.000000000000000000
3135035369, 8.401550292968750000, 576.000000000000000000
574370102, 0.000000000000000000, 579.000000000000000000
411670921, 5.901603698730468750, 579.000000000000000000
